<Qucs Dataset 0.0.19>
<indep frequency 400>
  +2.00000000000000000000e+09
  +2.00203343957592582703e+09
  +2.00406894659010601044e+09
  +2.00610652314454627037e+09
  +2.00814617134338879585e+09
  +2.01018789329291534424e+09
  +2.01223169110154962540e+09
  +2.01427756687985849380e+09
  +2.01632552274055504799e+09
  +2.01837556079850029945e+09
  +2.02042768317070460320e+09
  +2.02248189197633242607e+09
  +2.02453818933670115471e+09
  +2.02659657737528634071e+09
  +2.02865705821772170067e+09
  +2.03071963399180221558e+09
  +2.03278430682748651505e+09
  +2.03485107885689854622e+09
  +2.03691995221432971954e+09
  +2.03899092903624272346e+09
  +2.04106401146127057076e+09
  +2.04313920163022232056e+09
  +2.04521650168608236313e+09
  +2.04729591377401471138e+09
  +2.04937744004136443138e+09
  +2.05146108263765907288e+09
  +2.05354684371461272240e+09
  +2.05563472542612624168e+09
  +2.05772472992829060555e+09
  +2.05981685937938904762e+09
  +2.06191111593989968300e+09
  +2.06400750177249670029e+09
  +2.06610601904205226898e+09
  +2.06820666991564154625e+09
  +2.07030945656254196167e+09
  +2.07241438115423560143e+09
  +2.07452144586441421509e+09
  +2.07663065286897778511e+09
  +2.07874200434604001045e+09
  +2.08085550247592806816e+09
  +2.08297114944118714333e+09
  +2.08508894742657971382e+09
  +2.08720889861909103394e+09
  +2.08933100520792913437e+09
  +2.09145526938452839851e+09
  +2.09358169334255075455e+09
  +2.09571027927788925171e+09
  +2.09784102938866829872e+09
  +2.09997394587524819374e+09
  +2.10210903094022583961e+09
  +2.10424628678843855858e+09
  +2.10638571562696385384e+09
  +2.10852731966512417793e+09
  +2.11067110111448788643e+09
  +2.11281706218887233734e+09
  +2.11496520510434532166e+09
  +2.11711553207922792435e+09
  +2.11926804533409643173e+09
  +2.12142274709178519249e+09
  +2.12357963957738780975e+09
  +2.12573872501826167107e+09
  +2.12790000564402651787e+09
  +2.13006348368657112122e+09
  +2.13222916138005256653e+09
  +2.13439704096089887619e+09
  +2.13656712466781330109e+09
  +2.13873941474177408218e+09
  +2.14091391342603826523e+09
  +2.14309062296614360809e+09
  +2.14526954560991096497e+09
  +2.14745068360744667053e+09
  +2.14963403921114492416e+09
  +2.15181961467568969727e+09
  +2.15400741225805711746e+09
  +2.15619743421751832962e+09
  +2.15838968281564235687e+09
  +2.16058416031629562378e+09
  +2.16278086898564863205e+09
  +2.16497981109217357635e+09
  +2.16718098890665149689e+09
  +2.16938440470216989517e+09
  +2.17159006075412845612e+09
  +2.17379795934024095535e+09
  +2.17600810274053573608e+09
  +2.17822049323735952377e+09
  +2.18043513311538028717e+09
  +2.18265202466158771515e+09
  +2.18487117016529846191e+09
  +2.18709257191815519333e+09
  +2.18931623221413135529e+09
  +2.19154215334953117371e+09
  +2.19377033762299680710e+09
  +2.19600078733550405502e+09
  +2.19823350479037046432e+09
  +2.20046849229325342178e+09
  +2.20270575215215682983e+09
  +2.20494528667742967606e+09
  +2.20718709818177032471e+09
  +2.20943118898022842407e+09
  +2.21167756139020681381e+09
  +2.21392621773146581650e+09
  +2.21617716032612323761e+09
  +2.21843039149865818024e+09
  +2.22068591357591295242e+09
  +2.22294372888709592819e+09
  +2.22520383976378345490e+09
  +2.22746624853992271423e+09
  +2.22973095755183267593e+09
  +2.23199796913820838928e+09
  +2.23426728564012432098e+09
  +2.23653890940103292465e+09
  +2.23881284276676988602e+09
  +2.24108908808555650711e+09
  +2.24336764770800065994e+09
  +2.24564852398710155487e+09
  +2.24793171927824831009e+09
  +2.25021723593922805786e+09
  +2.25250507633022260666e+09
  +2.25479524281381464005e+09
  +2.25708773775498819351e+09
  +2.25938256352113199234e+09
  +2.26167972248204231262e+09
  +2.26397921700992393494e+09
  +2.26628104947939443588e+09
  +2.26858522226748561859e+09
  +2.27089173775364494324e+09
  +2.27320059831974077225e+09
  +2.27551180635006189346e+09
  +2.27782536423132085800e+09
  +2.28014127435265874863e+09
  +2.28245953910564374924e+09
  +2.28478016088427686691e+09
  +2.28710314208499336243e+09
  +2.28942848510666322708e+09
  +2.29175619235059690475e+09
  +2.29408626622054672241e+09
  +2.29641870912270689011e+09
  +2.29875352346572017670e+09
  +2.30109071166067695618e+09
  +2.30343027612111997604e+09
  +2.30577221926304531097e+09
  +2.30811654350490522385e+09
  +2.31046325126761102676e+09
  +2.31281234497453546524e+09
  +2.31516382705151605606e+09
  +2.31751769992685556412e+09
  +2.31987396603132534027e+09
  +2.32223262779816961288e+09
  +2.32459368766310501099e+09
  +2.32695714806432533264e+09
  +2.32932301144250440598e+09
  +2.33169128024079513550e+09
  +2.33406195690483665466e+09
  +2.33643504388275289536e+09
  +2.33881054362515830994e+09
  +2.34118845858515834808e+09
  +2.34356879121835231781e+09
  +2.34595154398283624649e+09
  +2.34833671933920574188e+09
  +2.35072431975055742264e+09
  +2.35311434768249368668e+09
  +2.35550680560312223434e+09
  +2.35790169598305988312e+09
  +2.36029902129543685913e+09
  +2.36269878401589727402e+09
  +2.36510098662260246277e+09
  +2.36750563159623193741e+09
  +2.36991272141998958588e+09
  +2.37232225857960224152e+09
  +2.37473424556332492828e+09
  +2.37714868486194229126e+09
  +2.37956557896877145767e+09
  +2.38198493037966442108e+09
  +2.38440674159301090240e+09
  +2.38683101510974025726e+09
  +2.38925775343332624435e+09
  +2.39168695906978559494e+09
  +2.39411863452768468857e+09
  +2.39655278231814002991e+09
  +2.39898940495482015610e+09
  +2.40142850495395088196e+09
  +2.40387008483431529999e+09
  +2.40631414711725902557e+09
  +2.40876069432668828964e+09
  +2.41120972898907709122e+09
  +2.41366125363346910477e+09
  +2.41611527079147720337e+09
  +2.41857178299729061127e+09
  +2.42103079278767251968e+09
  +2.42349230270196723938e+09
  +2.42595631528210020065e+09
  +2.42842283307258081436e+09
  +2.43089185862050676346e+09
  +2.43336339447556400299e+09
  +2.43583744319003200531e+09
  +2.43831400731878376007e+09
  +2.44079308941929197311e+09
  +2.44327469205162763596e+09
  +2.44575881777846527100e+09
  +2.44824546916508579254e+09
  +2.45073464877937602997e+09
  +2.45322635919183683395e+09
  +2.45572060297557926178e+09
  +2.45821738270633268356e+09
  +2.46071670096244478226e+09
  +2.46321856032488393784e+09
  +2.46572296337724351883e+09
  +2.46822991270574378967e+09
  +2.47073941089923334122e+09
  +2.47325146054919481277e+09
  +2.47576606424974298477e+09
  +2.47828322459763288498e+09
  +2.48080294419225740433e+09
  +2.48332522563565444946e+09
  +2.48585007153250598907e+09
  +2.48837748449014139175e+09
  +2.49090746711854410172e+09
  +2.49344002203034830093e+09
  +2.49597515184084463120e+09
  +2.49851285916798543930e+09
  +2.50105314663238096237e+09
  +2.50359601685730934143e+09
  +2.50614147246871280670e+09
  +2.50868951609520673752e+09
  +2.51124015036807537079e+09
  +2.51379337792128133774e+09
  +2.51634920139146423340e+09
  +2.51890762341794347763e+09
  +2.52146864664272308350e+09
  +2.52403227371049308777e+09
  +2.52659850726863098145e+09
  +2.52916734996720886230e+09
  +2.53173880445899009705e+09
  +2.53431287339943695068e+09
  +2.53688955944671106339e+09
  +2.53946886526167726517e+09
  +2.54205079350790452957e+09
  +2.54463534685167026520e+09
  +2.54722252796196460724e+09
  +2.54981233951048851013e+09
  +2.55240478417166042328e+09
  +2.55499986462261915207e+09
  +2.55759758354322338104e+09
  +2.56019794361605787277e+09
  +2.56280094752643442154e+09
  +2.56540659796239471436e+09
  +2.56801489761471366882e+09
  +2.57062584917690181732e+09
  +2.57323945534520864487e+09
  +2.57585571881862497330e+09
  +2.57847464229888534546e+09
  +2.58109622849047088623e+09
  +2.58372048010061407089e+09
  +2.58634739983929729462e+09
  +2.58897699041926002502e+09
  +2.59160925455599975586e+09
  +2.59424419496777439117e+09
  +2.59688181437560606003e+09
  +2.59952211550328302383e+09
  +2.60216510107736253738e+09
  +2.60481077382717418671e+09
  +2.60745913648482275009e+09
  +2.61011019178519201279e+09
  +2.61276394246594381332e+09
  +2.61542039126752424240e+09
  +2.61807954093316793442e+09
  +2.62074139420889568329e+09
  +2.62340595384352111816e+09
  +2.62607322258865356445e+09
  +2.62874320319869899750e+09
  +2.63141589843086385727e+09
  +2.63409131104515886307e+09
  +2.63676944380439949036e+09
  +2.63945029947421121597e+09
  +2.64213388082303142548e+09
  +2.64482019062211132050e+09
  +2.64750923164552021027e+09
  +2.65020100667014884949e+09
  +2.65289551847570943832e+09
  +2.65559276984474229813e+09
  +2.65829276356261444092e+09
  +2.66099550241752672195e+09
  +2.66370098920051527023e+09
  +2.66640922670545148849e+09
  +2.66912021772904968262e+09
  +2.67183396507086658478e+09
  +2.67455047153330564499e+09
  +2.67726973992161893845e+09
  +2.67999177304391193390e+09
  +2.68271657371114301682e+09
  +2.68544414473713159561e+09
  +2.68817448893855476379e+09
  +2.69090760913495540619e+09
  +2.69364350814874267578e+09
  +2.69638218880519580841e+09
  +2.69912365393246412277e+09
  +2.70186790636157655716e+09
  +2.70461494892643594742e+09
  +2.70736478446382951736e+09
  +2.71011741581342792511e+09
  +2.71287284581778812408e+09
  +2.71563107732235860825e+09
  +2.71839211317547893524e+09
  +2.72115595622838687897e+09
  +2.72392260933521747589e+09
  +2.72669207535300779343e+09
  +2.72946435714170074463e+09
  +2.73223945756414651871e+09
  +2.73501737948610496521e+09
  +2.73779812577625036240e+09
  +2.74058169930617475510e+09
  +2.74336810295038843155e+09
  +2.74615733958632469177e+09
  +2.74894941209434127808e+09
  +2.75174432335772657394e+09
  +2.75454207626269912720e+09
  +2.75734267369841146469e+09
  +2.76014611855695533752e+09
  +2.76295241373336124420e+09
  +2.76576156212560367584e+09
  +2.76857356663460397720e+09
  +2.77138843016423225403e+09
  +2.77420615562131166458e+09
  +2.77702674591562080383e+09
  +2.77985020395989513397e+09
  +2.78267653266983413696e+09
  +2.78550573496409893036e+09
  +2.78833781376432132721e+09
  +2.79117277199510049820e+09
  +2.79401061258401107788e+09
  +2.79685133846160364151e+09
  +2.79969495256140804291e+09
  +2.80254145781993722916e+09
  +2.80539085717668914795e+09
  +2.80824315357415056229e+09
  +2.81109834995780086517e+09
  +2.81395644927611303329e+09
  +2.81681745448055744171e+09
  +2.81968136852560758591e+09
  +2.82254819436873722076e+09
  +2.82541793497043132782e+09
  +2.82829059329418087006e+09
  +2.83116617230649232864e+09
  +2.83404467497688770294e+09
  +2.83692610427790737152e+09
  +2.83981046318511486053e+09
  +2.84269775467709970474e+09
  +2.84558798173547744751e+09
  +2.84848114734489727020e+09
  +2.85137725449304199219e+09
  +2.85427630617063236237e+09
  +2.85717830537142992020e+09
  +2.86008325509223937988e+09
  +2.86299115833291244507e+09
  +2.86590201809635257721e+09
  +2.86881583738851404190e+09
  +2.87173261921840810776e+09
  +2.87465236659810638428e+09
  +2.87757508254274082184e+09
  +2.88050077007051086426e+09
  +2.88342943220268392563e+09
  +2.88636107196359920502e+09
  +2.88929569238067007065e+09
  +2.89223329648438930511e+09
  +2.89517388730833005905e+09
  +2.89811746788915014267e+09
  +2.90106404126659393311e+09
  +2.90401361048349761963e+09
  +2.90696617858578920364e+09
  +2.90992174862249660492e+09
  +2.91288032364574432373e+09
  +2.91584190671076297760e+09
  +2.91880650087588691711e+09
  +2.92177410920256280899e+09
  +2.92474473475534629822e+09
  +2.92771838060191202164e+09
  +2.93069504981305265427e+09
  +2.93367474546268320084e+09
  +2.93665747062784194946e+09
  +2.93964322838869810104e+09
  +2.94263202182855176926e+09
  +2.94562385403383827209e+09
  +2.94861872809413003922e+09
  +2.95161664710214138031e+09
  +2.95461761415373086929e+09
  +2.95762163234790420532e+09
  +2.96062870478681945801e+09
  +2.96363883457578706741e+09
  +2.96665202482327556610e+09
  +2.96966827864091396332e+09
  +2.97268759914349365234e+09
  +2.97570998944897508621e+09
  +2.97873545267848682404e+09
  +2.98176399195633125305e+09
  +2.98479561040998840332e+09
  +2.98783031117011690140e+09
  +2.99086809737055921555e+09
  +2.99390897214834260941e+09
  +2.99695293864368534088e+09
  +2.99999999999999809265e+09
</indep>
<dep dB_S11_Patch frequency>
  -2.69661493947938202265e-01
  -2.72616699415777041793e-01
  -2.75623277911336006518e-01
  -2.78682397850286422969e-01
  -2.81795260125176694199e-01
  -2.84963099158479060691e-01
  -2.88187183994374596097e-01
  -2.91468819430323322628e-01
  -2.94809347190221782142e-01
  -2.98210147140889003659e-01
  -3.01672638553371119663e-01
  -3.05198281411091898452e-01
  -3.08788577766552441162e-01
  -3.12445073148669372198e-01
  -3.16169358022672764008e-01
  -3.19963069304685432392e-01
  -3.23827891933341938113e-01
  -3.27765560500430930269e-01
  -3.31777860943318902986e-01
  -3.35866632301277223682e-01
  -3.40033768538611780308e-01
  -3.44281220436974622068e-01
  -3.48610997559960444914e-01
  -3.53025170292583845288e-01
  -3.57525871958928376237e-01
  -3.62115301020876356741e-01
  -3.66795723361372172366e-01
  -3.71569474655396525531e-01
  -3.76438962832380097367e-01
  -3.81406670633450406438e-01
  -3.86475158267587715066e-01
  -3.91647066170280055974e-01
  -3.96925117868970334101e-01
  -4.02312122959379070419e-01
  -4.07810980197098549294e-01
  -4.13424680708848191202e-01
  -4.19156311328203190492e-01
  -4.25009058060344835361e-01
  -4.30986209680912502051e-01
  -4.37091161474087386285e-01
  -4.43327419114930121324e-01
  -4.49698602701452454511e-01
  -4.56208450941954501978e-01
  -4.62860825503150219440e-01
  -4.69659715524868737191e-01
  -4.76609242307243552439e-01
  -4.83713664176262603256e-01
  -4.90977381533743206798e-01
  -4.98404942097909975374e-01
  -5.06001046340694760062e-01
  -5.13770553127834705975e-01
  -5.21718485568156808974e-01
  -5.29850037078066993246e-01
  -5.38170577667240523922e-01
  -5.46685660451645571989e-01
  -5.55401028399403418057e-01
  -5.64322621315277772602e-01
  -5.73456583068893355204e-01
  -5.82809269071470570367e-01
  -5.92387254005607100105e-01
  -6.02197339811807452747e-01
  -6.12246563934924825645e-01
  -6.22542207832820326807e-01
  -6.33091805748668523535e-01
  -6.43903153746971379512e-01
  -6.54984319012319349262e-01
  -6.66343649408294158576e-01
  -6.77989783292020642413e-01
  -6.89931659578022715706e-01
  -7.02178528042634697570e-01
  -7.14739959857495499307e-01
  -7.27625858337581199464e-01
  -7.40846469885940606126e-01
  -7.54412395113027600679e-01
  -7.68334600104289666689e-01
  -7.82624427804461841873e-01
  -7.97293609481107168335e-01
  -8.12354276223919313793e-01
  -8.27818970428278011475e-01
  -8.43700657203821258179e-01
  -8.60012735639386627362e-01
  -8.76769049845014691869e-01
  -8.93983899680361737694e-01
  -9.11672051065438582285e-01
  -9.29848745755252670264e-01
  -9.48529710443262286113e-01
  -9.67731165040589536019e-01
  -9.87469829957342004612e-01
  -1.00776293218994794643e+00
  -1.02862820999312076786e+00
  -1.05008391588733629440e+00
  -1.07214881772171599650e+00
  -1.09484219747784417009e+00
  -1.11818384746290155896e+00
  -1.14219406349814489587e+00
  -1.16689363466371598399e+00
  -1.19230382911034471505e+00
  -1.21844637539353639610e+00
  -1.24534343872616926063e+00
  -1.27301759147981807807e+00
  -1.30149177719505360074e+00
  -1.33078926728360347198e+00
  -1.36093360952379005546e+00
  -1.39194856736206684644e+00
  -1.42385804893957645945e+00
  -1.45668602466349406122e+00
  -1.49045643203829580870e+00
  -1.52519306636328577653e+00
  -1.56091945579094115715e+00
  -1.59765871912651968856e+00
  -1.63543340463554809361e+00
  -1.67426530801488149258e+00
  -1.71417526757706895069e+00
  -1.75518293460222718494e+00
  -1.79730651673065544571e+00
  -1.84056249220879908357e+00
  -1.88496529277008906256e+00
  -1.93052695293621745520e+00
  -1.97725672357886872454e+00
  -2.02516064769415793378e+00
  -2.07424109653111798934e+00
  -2.12449626449468498279e+00
  -2.17591962163427243837e+00
  -2.22849932305100084662e+00
  -2.28221757523293256043e+00
  -2.33704996018573218919e+00
  -2.39296471928803011764e+00
  -2.44992200009752192358e+00
  -2.50787307088805277999e+00
  -2.56675950953273623867e+00
  -2.62651237548241534014e+00
  -2.68705137603095689514e+00
  -2.74828404080611710114e+00
  -2.81010492145881807247e+00
  -2.87239483680407969857e+00
  -2.93502018712312562343e+00
  -2.99783236487018633909e+00
  -3.06066729249363866927e+00
  -3.12334512129705421657e+00
  -3.18567012799512161436e+00
  -3.24743084758344524587e+00
  -3.30840048201267933337e+00
  -3.36833762358125499148e+00
  -3.42698732956119922477e+00
  -3.48408257998848025494e+00
  -3.53934614346686515773e+00
  -3.59249286602644701816e+00
  -3.64323238546066452415e+00
  -3.69127225824583238278e+00
  -3.73632146846973434151e+00
  -3.77809426878204490663e+00
  -3.81631428313584697420e+00
  -3.85071878119519173111e+00
  -3.88106301613079018864e+00
  -3.90712450263067534451e+00
  -3.92870710181631466185e+00
  -3.94564477571235316944e+00
  -3.95780487696344529525e+00
  -3.96509085013021600474e+00
  -3.96744423902461917919e+00
  -3.96484591940348174433e+00
  -3.95731650653612998525e+00
  -3.94491592077896369162e+00
  -3.92774212906410014057e+00
  -3.90592911375696028031e+00
  -3.87964415040298549187e+00
  -3.84908450056145312601e+00
  -3.81447364383994180770e+00
  -3.77605718365563447492e+00
  -3.73409856407547557922e+00
  -3.68887473084707995241e+00
  -3.64067185943333759823e+00
  -3.58978125784646184826e+00
  -3.53649553384832060487e+00
  -3.48110509615510155257e+00
  -3.42389503904522563005e+00
  -3.36514244039065557601e+00
  -3.30511408551081631302e+00
  -3.24406461400195578193e+00
  -3.18223507415435813428e+00
  -3.11985185984350010813e+00
  -3.05712599777298654757e+00
  -2.99425274843202204877e+00
  -2.93141148179023813825e+00
  -2.86876578822259098445e+00
  -2.80646378606866964134e+00
  -2.74463858922150594211e+00
  -2.68340890089056882672e+00
  -2.62287970291220018382e+00
  -2.56314301345300155077e+00
  -2.50427868948718845843e+00
  -2.44635525388383268108e+00
  -2.38943073021571894543e+00
  -2.33355347142927227466e+00
  -2.27876297125576421365e+00
  -2.22509064967860448192e+00
  -2.17256060589749422363e+00
  -2.12119033405896750821e+00
  -2.07099139856935154924e+00
  -2.02197006709624282905e+00
  -1.97412790042218588837e+00
  -1.92746229916531142123e+00
  -1.88196700805529859579e+00
  -1.83763257896961107463e+00
  -1.79444679432340992165e+00
  -1.75239505268207196309e+00
  -1.71146071865217153096e+00
  -1.67162543921735373686e+00
  -1.63286942873763063488e+00
  -1.59517172483379132686e+00
  -1.55851041734665418659e+00
  -1.52286285249848751810e+00
  -1.48820581430334830664e+00
  -1.45451568517607232600e+00
  -1.42176858758388169335e+00
  -1.38994050847310601782e+00
  -1.35900740808909059609e+00
  -1.32894531469413079705e+00
  -1.29973040657490579441e+00
  -1.27133908262327910421e+00
  -1.24374802266918416116e+00
  -1.21693423864482253016e+00
  -1.19087511756626818205e+00
  -1.16554845722929467655e+00
  -1.14093249543527952561e+00
  -1.11700593348545051953e+00
  -1.09374795461203944136e+00
  -1.07113823794897444763e+00
  -1.04915696858547868864e+00
  -1.02778484419071625133e+00
  -1.00700307864787319545e+00
  -9.86793403090008180989e-01
  -9.67138064689087584291e-01
  -9.48019823511212500478e-01
  -9.29421947717766094854e-01
  -9.11328207360547093430e-01
  -8.93722866991810138693e-01
  -8.76590677284534658398e-01
  -8.59916865835920085637e-01
  -8.43687127306837147955e-01
  -8.27887613031462077373e-01
  -8.12504920215335046940e-01
  -7.97526080825344818592e-01
  -7.82938550261880195080e-01
  -7.68730195892123990831e-01
  -7.54889285512674534928e-01
  -7.41404475800615636594e-01
  -7.28264800803958500808e-01
  -7.15459660514889739247e-01
  -7.02978809562946782563e-01
  -6.90812346059379134289e-01
  -6.78950700618894176230e-01
  -6.67384625580661916544e-01
  -6.56105184446154288125e-01
  -6.45103741548363474045e-01
  -6.34371951963475955161e-01
  -6.23901751673808346865e-01
  -6.13685347988103480077e-01
  -6.03715210223535359013e-01
  -5.93984060651976841783e-01
  -5.84484865711364376395e-01
  -5.75210827481956399332e-01
  -5.66155375425987705817e-01
  -5.57312158388348799498e-01
  -5.48675036855043707362e-01
  -5.40238075465497180616e-01
  -5.31995535774455907685e-01
  -5.23941869258287229449e-01
  -5.16071710560636609522e-01
  -5.08379870971709446614e-01
  -5.00861332135414838440e-01
  -4.93511239978392857175e-01
  -4.86324898854771592305e-01
  -4.79297765900566830055e-01
  -4.72425445591407311419e-01
  -4.65703684497368375350e-01
  -4.59128366228926387826e-01
  -4.52695506567504180051e-01
  -4.46401248774969394706e-01
  -4.40241859075741981400e-01
  -4.34213722305871185903e-01
  -4.28313337723170761695e-01
  -4.22537314972848965233e-01
  -4.16882370203086272120e-01
  -4.11345322325191276036e-01
  -4.05923089413077309295e-01
  -4.00612685237050514253e-01
  -3.95411215926837533718e-01
  -3.90315876759194879675e-01
  -3.85323949065374593559e-01
  -3.80432797253975163443e-01
  -3.75639865944782103124e-01
  -3.70942677209505633495e-01
  -3.66338827915193843143e-01
  -3.61825987166581042320e-01
  -3.57401893843419193875e-01
  -3.53064354229249921513e-01
  -3.48811239728072097765e-01
  -3.44640484665538482378e-01
  -3.40550084171351574724e-01
  -3.36538092139788636015e-01
  -3.32602619265352728029e-01
  -3.28741831150544949747e-01
  -3.24953946483054145755e-01
  -3.21237235279616950567e-01
  -3.17590017194010809654e-01
  -3.14010659886682974573e-01
  -3.10497577453580031470e-01
  -3.07049228911951244125e-01
  -3.03664116740904432845e-01
  -3.00340785474577209868e-01
  -2.97077820345870602381e-01
  -2.93873845978896319764e-01
  -2.90727525128124886233e-01
  -2.87637557462534831920e-01
  -2.84602678392993302392e-01
  -2.81621657941227787614e-01
  -2.78693299648773928912e-01
  -2.75816439524357415181e-01
  -2.72989945028343172773e-01
  -2.70212714092675110322e-01
  -2.67483674175101771020e-01
  -2.64801781346300058040e-01
  -2.62166019408721528983e-01
  -2.59575399045855137459e-01
  -2.57028957000921542964e-01
  -2.54525755283676713425e-01
  -2.52064880404533397940e-01
  -2.49645442634695624573e-01
  -2.47266575291584495000e-01
  -2.44927434048454045756e-01
  -2.42627196267321043610e-01
  -2.40365060354466281156e-01
  -2.38140245137462985836e-01
  -2.35951989263141426179e-01
  -2.33799550615611945181e-01
  -2.31682205753610953591e-01
  -2.29599249366512186965e-01
  -2.27549993748284967721e-01
  -2.25533768288768254884e-01
  -2.23549918981626682957e-01
  -2.21597807948378744403e-01
  -2.19676812977895458134e-01
  -2.17786327080932928801e-01
  -2.15925758058938266348e-01
  -2.14094528086867491590e-01
  -2.12292073309346129850e-01
  -2.10517843449752550811e-01
  -2.08771301431773803614e-01
  -2.07051923013012756369e-01
  -2.05359196430164842040e-01
  -2.03692622055408223414e-01
  -2.02051712063598704061e-01
  -2.00435990109890160848e-01
  -1.98844991017456618199e-01
  -1.97278260474867073171e-01
  -1.95735354742917505577e-01
  -1.94215840370472153653e-01
  -1.92719293919097423018e-01
  -1.91245301696119945900e-01
  -1.89793459495871563725e-01
  -1.88363372348766100473e-01
  -1.86954654278140286472e-01
  -1.85566928064263836351e-01
  -1.84199825015626206248e-01
  -1.82852984747034236213e-01
  -1.81526054964327193675e-01
  -1.80218691255672691653e-01
  -1.78930556888808933724e-01
  -1.77661322614613675919e-01
  -1.76410666476226274391e-01
  -1.75178273623945945925e-01
  -1.73963836135494931412e-01
  -1.72767052841572843480e-01
  -1.71587629156485121928e-01
  -1.70425276913733714235e-01
  -1.69279714206288622869e-01
  -1.68150665231589002691e-01
  -1.67037860140912236551e-01
  -1.65941034893125394234e-01
  -1.64859931112565027966e-01
  -1.63794295951046386950e-01
  -1.62743881953731794887e-01
  -1.61708446928813559529e-01
  -1.60687753820909356994e-01
  -1.59681570587991122911e-01
  -1.58689670081777450816e-01
  -1.57711829931484970313e-01
  -1.56747832430791989022e-01
  -1.55797464428028553662e-01
  -1.54860517219256976773e-01
  -1.53936786444496487292e-01
  -1.53026071986703593453e-01
  -1.52128177873474240700e-01
  -1.51242912181633104574e-01
  -1.50370086944188380285e-01
  -1.49509518060029517050e-01
  -1.48661025205960389828e-01
  -1.47824431751170659588e-01
  -1.46999564673961746752e-01
</dep>
<dep S11_Patch frequency>
  -6.51465816535952590982e-01+j7.17905877537669434574e-01
  -6.48624101345938175456e-01+j7.20030594279085889298e-01
  -6.45745273208209846771e-01+j7.22163678964343525024e-01
  -6.42828648318451989496e-01+j7.24305063547212246711e-01
  -6.39873527491276350432e-01+j7.26454673157805652650e-01
  -6.36879195776260398354e-01+j7.28612425754024073399e-01
  -6.33844922064475291279e-01+j7.30778231756182838907e-01
  -6.30769958685441944901e-01+j7.32951993663984113780e-01
  -6.27653540994293601685e-01+j7.35133605654991417744e-01
  -6.24494886949023997325e-01+j7.37322953163662697662e-01
  -6.21293196677692116658e-01+j7.39519912440004478782e-01
  -6.18047652035435768347e-01+j7.41724350086825690020e-01
  -6.14757416151195501541e-01+j7.43936122574538893915e-01
  -6.11421632964020078660e-01+j7.46155075732395034471e-01
  -6.08039426748889999530e-01+j7.48381044214971868911e-01
  -6.04609901631969037794e-01+j7.50613850942703386693e-01
  -6.01132141095207739312e-01+j7.52853306515146591948e-01
  -5.97605207470308541495e-01+j7.55099208595634951990e-01
  -5.94028141421986677351e-01+j7.57351341265884214771e-01
  -5.90399961420582375382e-01+j7.59609474349063118481e-01
  -5.86719663204020469571e-01+j7.61873362699748701843e-01
  -5.82986219229231661387e-01+j7.64142745459118755136e-01
  -5.79198578113108597520e-01+j7.66417345273628258795e-01
  -5.75355664063156302390e-01+j7.68696867475376910406e-01
  -5.71456376298024371074e-01+j7.70980999222214302691e-01
  -5.67499588458163284344e-01+j7.73269408595596008382e-01
  -5.63484148006868412750e-01+j7.75561743654071378273e-01
  -5.59408875622101731118e-01+j7.77857631440178387550e-01
  -5.55272564579458949297e-01+j7.80156676938420168277e-01
  -5.51073980126794982226e-01+j7.82458461981888175885e-01
  -5.46811858851049104047e-01+j7.84762544104939618883e-01
  -5.42484908037932367364e-01+j7.87068455339267725179e-01
  -5.38091805025198821610e-01+j7.89375700950518233157e-01
  -5.33631196550347963736e-01+j7.91683758112505908677e-01
  -5.29101698093717986993e-01+j7.93992074515906365306e-01
  -5.24501893218047854361e-01+j7.96300066908185666392e-01
  -5.19830332905694803003e-01+j7.98607119561345557557e-01
  -5.15085534894905272552e-01+j8.00912582663915295633e-01
  -5.10265983016633950520e-01+j8.03215770633443515436e-01
  -5.05370126533599695051e-01+j8.05515960345570158907e-01
  -5.00396379483483255690e-01+j8.07812389275592290794e-01
  -4.95343120028370331731e-01+j8.10104253548214581215e-01
  -4.90208689812715314726e-01+j8.12390705891032460784e-01
  -4.84991393332456111054e-01+j8.14670853487040491636e-01
  -4.79689497318084856481e-01+j8.16943755721295739036e-01
  -4.74301230134823614826e-01+j8.19208421816626564116e-01
  -4.68824781203346696579e-01+j8.21463808353085633840e-01
  -4.63258300444876036650e-01+j8.23708816665596810225e-01
  -4.57599897754802920069e-01+j8.25942290114038857318e-01
  -4.51847642509440761138e-01+j8.28163011219773537164e-01
  -4.45999563110955454803e-01+j8.30369698662397959232e-01
  -4.40053646575956358689e-01+j8.32561004130261350653e-01
  -4.34007838173827431572e-01+j8.34735509018049270935e-01
  -4.27860041121394751862e-01+j8.36891720964527241478e-01
  -4.21608116341127381332e-01+j8.39028070223283961582e-01
  -4.15249882290829153142e-01+j8.41142905859094458521e-01
  -4.08783114873347785956e-01+j8.43234491762322013741e-01
  -4.02205547435747823304e-01+j8.45301002473544116356e-01
  -3.95514870868163170847e-01+j8.47340518810425269436e-01
  -3.88708733813451279282e-01+j8.49351023288656858945e-01
  -3.81784742999780379868e-01+j8.51330395328643074748e-01
  -3.74740463709335225317e-01+j8.53276406239469764614e-01
  -3.67573420397414918348e-01+j8.55186713971618717167e-01
  -3.60281097477512413096e-01+j8.57058857629778736431e-01
  -3.52860940289198343756e-01+j8.58890251737151277922e-01
  -3.45310356267096218996e-01+j8.60678180242624435436e-01
  -3.37626716330739262695e-01+j8.62419790262307861539e-01
  -3.29807356516744754060e-01+j8.64112085547086183901e-01
  -3.21849579876475666573e-01+j8.65751919668080294201e-01
  -3.13750658664221249161e-01+j8.67335988912253386118e-01
  -3.05507836842938473865e-01+j8.68860824880839488493e-01
  -2.97118332936755880080e-01+j8.70322786783833457491e-01
  -2.88579343261621656946e-01+j8.71718053424497485437e-01
  -2.79888045567987964191e-01+j8.73042614868700384001e-01
  -2.71041603131906727597e-01+j8.74292263794954394029e-01
  -2.62037169333691366546e-01+j8.75462586522244179399e-01
  -2.52871892766102224215e-01+j8.76548953714266998460e-01
  -2.43542922917013793249e-01+j8.77546510760379927518e-01
  -2.34047416474845282330e-01+j8.78450167835611805955e-01
  -2.24382544308094927787e-01+j8.79254589644462791753e-01
  -2.14545499174059794978e-01+j8.79954184855859411485e-01
  -2.04533504215216793698e-01+j8.80543095239829654020e-01
  -1.94343822305583696641e-01+j8.81015184519950644848e-01
  -1.83973766313194397881e-01+j8.81364026959723045884e-01
  -1.73420710348712092674e-01+j8.81582895705601221614e-01
  -1.62682102074261175639e-01+j8.81664750914626482725e-01
  -1.51755476150490314913e-01+j8.81602227700473140004e-01
  -1.40638468904000724091e-01+j8.81387623938306830063e-01
  -1.29328834301136869067e-01+j8.81012887976240222088e-01
  -1.17824461317946188599e-01+j8.80469606309436714220e-01
  -1.06123392799923416119e-01+j8.79748991282048864448e-01
  -9.42238459082067880690e-02+j8.78841868892428212945e-01
  -8.21242342523058332926e-02+j8.77738666788278720787e-01
  -6.98231918115079230880e-02+j8.76429402550867875377e-01
  -5.73195987493303471538e-02+j8.74903672381114216883e-01
  -4.46126092262758011664e-02+j8.73150640315312087658e-01
  -3.17016813164910926659e-02+j8.71159028114613542826e-01
  -1.85866091327090698915e-02+j8.68917105990193450182e-01
  -5.26755726173763760833e-03+j8.66412684345232886329e-01
  +8.25490239144791027037e-03+j8.63633106735663957920e-01
  +2.19797512587696641795e-02+j8.60565244273816309928e-01
  +3.59054821791680023324e-02+j8.57195491722952507274e-01
  +5.00300548104541664696e-02+j8.53509765555821475758e-01
  +6.43508483232466121926e-02+j8.49493504276957689392e-01
  +7.88646113343320076527e-02+j8.45131671336264655991e-01
  +9.35674090578119121986e-02+j8.40408760990205117025e-01
  +1.08454567677381319424e-01+j8.35308807496556671168e-01
  +1.23520615973168712554e-01+j8.29815398058727726749e-01
  +1.38759224271802511508e-01+j8.23911689965643345701e-01
  +1.54163140829308320523e-01+j8.17580432402793544355e-01
  +1.69724125803952130553e-01+j8.10803993438390602222e-01
  +1.85432883030385381451e-01+j8.03564392714991360123e-01
  +2.01278989867866742181e-01+j7.95843340400593346473e-01
  +2.17250825464649882646e-01+j7.87622282972862186590e-01
  +2.33335497857904167196e-01+j7.78882456424667579675e-01
  +2.49518770413884871662e-01+j7.69604947487177337706e-01
  +2.65784988207028172180e-01+j7.59770763466488530113e-01
  +2.82117005038247214976e-01+j7.49360911279976171784e-01
  +2.98496111902573746377e-01+j7.38356486256541821867e-01
  +3.14901967832651230594e-01+j7.26738771229508917493e-01
  +3.31312534167386874007e-01+j7.14489346399104330310e-01
  +3.47704013422015456580e-01+j7.01590210371646261223e-01
  +3.64050794065620852979e-01+j6.88023912691974492972e-01
  +3.80325402642024190669e-01+j6.73773698072297921868e-01
  +3.96498464796789684694e-01+j6.58823662382486352485e-01
  +4.12538676893652866973e-01+j6.43158920301574177358e-01
  +4.28412790013164734848e-01+j6.26765784337061981901e-01
  +4.44085608220122385337e-01+j6.09631954695906808084e-01
  +4.59520003058977388744e-01+j5.91746719238801066609e-01
  +4.74676946281258449467e-01+j5.73101162468267699701e-01
  +4.89515562819958838237e-01+j5.53688382192512262847e-01
  +5.03993205995779569584e-01+j5.33503712173795885398e-01
  +5.18065556861690534873e-01+j5.12544948716958215229e-01
  +5.31686749458919694078e-01+j4.90812578786114561691e-01
  +5.44809523562403419383e-01+j4.68310006863188466042e-01
  +5.57385406231206359529e-01+j4.45043777390554007312e-01
  +5.69364923145070367383e-01+j4.21023789282165827874e-01
  +5.80697840298989409469e-01+j3.96263498656852841684e-01
  +5.91333436143165469545e-01+j3.70780105657529113206e-01
  +6.01220803697449901470e-01+j3.44594720987351388342e-01
  +6.10309181542921019847e-01+j3.17732507633744609699e-01
  +6.18548311906687908746e-01+j2.90222793181107940885e-01
  +6.25888823322011456085e-01+j2.62099148147795779629e-01
  +6.32282634580173752425e-01+j2.33399425938120019808e-01
  +6.37683375913533856405e-01+j2.04165760286790093359e-01
  +6.42046822584186438476e-01+j1.74444516500431856532e-01
  +6.45331335325999733143e-01+j1.44286193373407284346e-01
  +6.47498301428446887407e-01+j1.13745273371640184812e-01
  +6.48512569688071915941e-01+j8.28800195323074195830e-02
  +6.48342872017491633763e-01+j5.17522185052664493443e-02
  +6.46962224220110182493e-01+j2.04268702452243752776e-02
  +6.44348298336273939135e-01-j1.10281739762278490485e-02
  +6.40483759062770108272e-01-j4.25426223633760258735e-02
  +6.35356557056023785179e-01-j7.40441981044183822336e-02
  +6.28960172455506283384e-01-j1.05459134324549577699e-01
  +6.21293802704740882881e-01-j1.36712702108720995930e-01
  +6.12362489690348565929e-01-j1.67729764233005229634e-01
  +6.02177182343250683161e-01-j1.98435346416826918770e-01
  +5.90754732119565639792e-01-j2.28755217277760491967e-01
  +5.78117820163764228880e-01-j2.58616467764624879955e-01
  +5.64294816408556387799e-01-j2.87948080684859220035e-01
  +5.49319572336130268475e-01-j3.16681481039458923021e-01
  +5.33231150562921696334e-01-j3.44751058234473217734e-01
  +5.16073495765761780518e-01-j3.72094651840580437074e-01
  +4.97895052694019457640e-01-j3.98653993402179274153e-01
  +4.78748338069132639561e-01-j4.24375097824298830318e-01
  +4.58689474027002275225e-01-j4.49208599050657797491e-01
  +4.37777691384544032083e-01-j4.73110026047383225301e-01
  +4.16074811396607235903e-01-j4.96040016474862732743e-01
  +3.93644714807646733945e-01-j5.17964466819172852929e-01
  +3.70552806902240627895e-01-j5.38854619115170296872e-01
  +3.46865486933636002487e-01-j5.58687085684254958196e-01
  +3.22649629784558023005e-01-j5.77443814491895857088e-01
  +2.97972087018999132191e-01-j5.95111998772512862388e-01
  +2.72899213651817351689e-01-j6.11683935448934956725e-01
  +2.47496426031753341546e-01-j6.27156837574941783409e-01
  +2.21827795240249953101e-01-j6.41532606545373806917e-01
  +1.95955679388708003952e-01-j6.54817570149952343783e-01
  +1.69940397185674219038e-01-j6.67022192700599259041e-01
  +1.43839944170311095917e-01-j6.78160763452374970583e-01
  +1.17709752096498004859e-01-j6.88251069381200619723e-01
  +9.16024911214667614257e-02-j6.97314058099189892914e-01
  +6.55679137188418803550e-02-j7.05373496302781788359e-01
  +3.96527386082378141552e-02-j7.12455628683254849065e-01
  +1.39005724749535208851e-02-j7.18588841706988445956e-01
  -1.16481331535472354410e-02-j7.23803336114943851598e-01
  -3.69560928091918206029e-02-j7.28130811417874390656e-01
  -6.19891688981997757146e-02-j7.31604165092520464242e-01
  -8.67163276737195065635e-02-j7.34257208629383484322e-01
  -1.11109572638883380424e-01-j7.36124402056662408000e-01
  -1.35143858610663691877e-01-j7.37240608076448866726e-01
  -1.58796989574512964483e-01-j7.37640866505091086225e-01
  -1.82049503311895899405e-01-j7.37360189313725267191e-01
  -2.04884545598818135215e-01-j7.36433376219463364798e-01
  -2.27287736563007825019e-01-j7.34894850482779027345e-01
  -2.49247031559738596584e-01-j7.32778514321061891224e-01
  -2.70752578689504863618e-01-j7.30117623149700967211e-01
  -2.91796574841103550924e-01-j7.26944677707167530301e-01
  -3.12373121907734918601e-01-j7.23291333005542269596e-01
  -3.32478084594989842238e-01-j7.19188322968629556442e-01
  -3.52108951022307825607e-01-j7.14665399571817960833e-01
  -3.71264697116099828822e-01-j7.09751285276917220912e-01
  -3.89945655604478136347e-01-j7.04473637557103238294e-01
  -4.08153390252667169769e-01-j6.98859024327762257123e-01
  -4.25890575823379524678e-01-j6.92932909135061003703e-01
  -4.43160884109700559108e-01-j6.86719645001754752656e-01
  -4.59968876267139725744e-01-j6.80242475886481456904e-01
  -4.76319901567121783970e-01-j6.73523544775694760212e-01
  -4.92220002604371709154e-01-j6.66583907494448846265e-01
  -5.07675826915255257177e-01-j6.59443551391302174025e-01
  -5.22694544900864865866e-01-j6.52121418122474372225e-01
  -5.37283773897859306956e-01-j6.44635429829180317540e-01
  -5.51451508198666950911e-01-j6.37002518069544887425e-01
  -5.65206054791332013210e-01-j6.29238654931033924989e-01
  -5.78555974565400976672e-01-j6.21358885811126970822e-01
  -5.91510028713803537315e-01-j6.13377363411891307621e-01
  -6.04077130050022725882e-01-j6.05307382548486705431e-01
  -6.16266298954202484950e-01-j5.97161415422024832722e-01
  -6.28086623660942366953e-01-j5.88951147053432766398e-01
  -6.39547224603556507816e-01-j5.80687510617492685938e-01
  -6.50657222534849033480e-01-j5.72380722454816637246e-01
  -6.61425710152143908616e-01-j5.64040316574162869934e-01
  -6.71861726963195460272e-01-j5.55675178489126064818e-01
  -6.81974237140719141692e-01-j5.47293578260844126859e-01
  -6.91772110124385664065e-01-j5.38903202643600587329e-01
  -7.01264103741807920400e-01-j5.30511186251833022354e-01
  -7.10458849632315647682e-01-j5.22124141686657439188e-01
  -7.19364840770351232635e-01-j5.13748188576691466878e-01
  -7.27990420897932644095e-01-j5.05388981502692957726e-01
  -7.36343775688263146861e-01-j4.97051736788170162029e-01
  -7.44432925474801221455e-01-j4.88741258148948531925e-01
  -7.52265719392123388687e-01-j4.80461961203788479047e-01
  -7.59849830786138324967e-01-j4.72217896856108321213e-01
  -7.67192753762449441979e-01-j4.64012773563015734624e-01
  -7.74301800751743929396e-01-j4.55849978513500175836e-01
  -7.81184100981201057223e-01-j4.47732597741693438831e-01
  -7.87846599750005260887e-01-j4.39663435204682373492e-01
  -7.94296058415856487400e-01-j4.31645030856972700128e-01
  -8.00539055007476907377e-01-j4.23679677755692984942e-01
  -8.06581985385679600675e-01-j4.15769438232112875653e-01
  -8.12431064882703446450e-01-j4.07916159165890468419e-01
  -8.18092330355991270707e-01-j4.00121486399033887693e-01
  -8.23571642598656117329e-01-j3.92386878326726529220e-01
  -8.28874689054527324927e-01-j3.84713618701946424849e-01
  -8.34006986790718718439e-01-j3.77102828690513702803e-01
  -8.38973885685485587516e-01-j3.69555478212492682921e-01
  -8.43780571793414813087e-01-j3.62072396605193025376e-01
  -8.48432070853972652991e-01-j3.54654282642071105869e-01
  -8.52933251913095102914e-01-j3.47301713940813661097e-01
  -8.57288831030771913966e-01-j3.40015155792854406602e-01
  -8.61503375050632569376e-01-j3.32794969445359245519e-01
  -8.65581305410265011702e-01-j3.25641419865588144233e-01
  -8.69526901973481702868e-01-j3.18554683016296746878e-01
  -8.73344306868024666812e-01-j3.11534852669687167825e-01
  -8.77037528314238867821e-01-j3.04581946786071533495e-01
  -8.80610444432079253474e-01-j2.97695913482369123315e-01
  -8.84066807015485012222e-01-j2.90876636614249228785e-01
  -8.87410245264683705813e-01-j2.84123940994587376174e-01
  -8.90644269468295890491e-01-j2.77437597269812097345e-01
  -8.93772274628344298719e-01-j2.70817326474562247718e-01
  -8.96797544022376991180e-01-j2.64262804284003505195e-01
  -8.99723252697838704606e-01-j2.57773664982182904026e-01
  -9.02552470894743441576e-01-j2.51349505163703024202e-01
  -9.05288167393425657892e-01-j2.44989887185168841999e-01
  -9.07933212784891363611e-01-j2.38694342381784274654e-01
  -9.10490382661847785783e-01-j2.32462374063776816557e-01
  -9.12962360729043131968e-01-j2.26293460306368682255e-01
  -9.15351741832060916693e-01-j2.20187056546260528922e-01
  -9.17661034904073358298e-01-j2.14142597996831857143e-01
  -9.19892665830465583454e-01-j2.08159501893579762521e-01
  -9.22048980231553461095e-01-j2.02237169580553599602e-01
  -9.24132246163882120626e-01-j1.96374988448000165064e-01
  -9.26144656740854999022e-01-j1.90572333730735676838e-01
  -9.28088332673626670299e-01-j1.84828570176222617416e-01
  -9.29965324733385445555e-01-j1.79143053590806927700e-01
  -9.31777616136305830707e-01-j1.73515132271980371259e-01
  -9.33527124852530421073e-01-j1.67944148334148890545e-01
  -9.35215705840735656018e-01-j1.62429438934809877715e-01
  -9.36845153209803438443e-01-j1.56970337407735693880e-01
  -9.38417202309297815432e-01-j1.51566174309240603302e-01
  -9.39933531750414275052e-01-j1.46216278383317604961e-01
  -9.41395765359168690267e-01-j1.40919977450966793509e-01
  -9.42805474063570847498e-01-j1.35676599228844868561e-01
  -9.44164177716584118727e-01-j1.30485472081891484830e-01
  -9.45473346856656626791e-01-j1.25345925714375139304e-01
  -9.46734404407619578592e-01-j1.20257291803540000696e-01
  -9.47948727319730677365e-01-j1.15218904579678982358e-01
  -9.49117648153648518772e-01-j1.10230101356318069272e-01
  -9.50242456609078245400e-01-j1.05290223013871406255e-01
  -9.51324400999826291780e-01-j1.00398614439985170432e-01
  -9.52364689676971964971e-01-j9.55546249295173705240e-02
  -9.53364492401830854185e-01-j9.07576085469745941214e-02
  -9.54324941670348092515e-01-j8.60069244539705679564e-02
  -9.55247133990543950688e-01-j8.13019372041842158794e-02
  -9.56132131114569849828e-01-j7.66420170080798490719e-02
  -9.56980961226929216501e-01-j7.20265399695101532496e-02
  -9.57794620090350656838e-01-j6.74548882962177770439e-02
  -9.58574072150776945733e-01-j6.29264504860902185168e-02
  -9.59320251602888030007e-01-j5.84406214908977789113e-02
  -9.60034063417546823516e-01-j5.39968028591632509539e-02
  -9.60716384332500616949e-01-j4.95944028596726343983e-02
  -9.61368063807638728591e-01-j4.52328365870380763591e-02
  -9.61989924946076269130e-01-j4.09115260506721922784e-02
  -9.62582765382281602129e-01-j3.66299002483685617881e-02
  -9.63147358138432108099e-01-j3.23873952256945527028e-02
  -9.63684452450144224400e-01-j2.81834541222384590831e-02
  -9.64194774562684875363e-01-j2.40175272057364629086e-02
  -9.64679028498741653053e-01-j1.98890718950404388199e-02
  -9.65137896798781480534e-01-j1.57975527727509112985e-02
  -9.65572041234998734716e-01-j1.17424415884053411074e-02
  -9.65982103499821498360e-01-j7.72321725293526051281e-03
  -9.66368705869911526207e-01-j3.73936582512285299248e-03
  -9.66732451846544327267e-01+j2.09619509267761072735e-04
  -9.67073926773254877176e-01+j4.12423846508155802354e-03
  -9.67393698431573412222e-01+j8.00498369149846289439e-03
  -9.67692317615662433994e-01+j1.18523408113555793475e-02
  -9.67970318686632191785e-01+j1.56667884655540545769e-02
  -9.68228220107284931473e-01+j1.94487983621228210929e-02
  -9.68466524958012997537e-01+j2.31988353294372007252e-02
  -9.68685721434533797414e-01+j2.69173573732547008475e-02
  -9.68886283328151076688e-01+j3.06048157371532521254e-02
  -9.69068670489171224425e-01+j3.42616549660224242735e-02
  -9.69233329274105548379e-01+j3.78883129723062844763e-02
  -9.69380692977247715447e-01+j4.14852211046664517968e-02
  -9.69511182247217329078e-01+j4.50528042187998689627e-02
  -9.69625205489001329440e-01+j4.85914807501529252831e-02
  -9.69723159252053656942e-01+j5.21016627882824878704e-02
  -9.69805428604937458381e-01+j5.55837561526452417215e-02
  -9.69872387497032750758e-01+j5.90381604695900952251e-02
  -9.69924399107759294125e-01+j6.24652692503992745809e-02
  -9.69961816183789071744e-01+j6.58654699701576723525e-02
  -9.69984981364685250327e-01+j6.92391441473119290118e-02
  -9.69994227497379513103e-01+j7.25866674237577724771e-02
  -9.69989877939915867699e-01+j7.59084096453135903637e-02
  -9.69972246854831854357e-01+j7.92047349424641611293e-02
  -9.69941639492567286851e-01+j8.24760018112307841109e-02
  -9.69898352465260460420e-01+j8.57225631940828347588e-02
  -9.69842674011278327306e-01+j8.89447665607717985470e-02
  -9.69774884250817370557e-01+j9.21429539890120663514e-02
  -9.69695255432900804493e-01+j9.53174622448976494038e-02
  -9.69604052174077413184e-01+j9.84686228630098359105e-02
  -9.69501531689127116209e-01+j1.01596762226114203931e-01
  -9.69387944014058922093e-01+j1.04702201644408757208e-01
  -9.69263532221669832367e-01+j1.07785257434238154750e-01
  -9.69128532629950578681e-01+j1.10846240996242961785e-01
  -9.68983175003569563444e-01+j1.13885458892883040249e-01
  -9.68827682748700569348e-01+j1.16903212925296651203e-01
  -9.68662273101424831090e-01+j1.19899800209447016108e-01
  -9.68487157309934065808e-01+j1.22875513251535478654e-01
  -9.68302540810753953338e-01+j1.25830640022639911324e-01
  -9.68108623399205114879e-01+j1.28765464032549376006e-01
  -9.67905599394298876703e-01+j1.31680264402775054622e-01
  -9.67693657798266215764e-01+j1.34575315938717354758e-01
  -9.67472982450908514096e-01+j1.37450889200962961256e-01
  -9.67243752178947757692e-01+j1.40307250575702258111e-01
  -9.67006140940561809138e-01+j1.43144662344245859886e-01
  -9.66760317965255855377e-01+j1.45963382751645359692e-01
  -9.66506447889248221372e-01+j1.48763666074383793525e-01
  -9.66244690886515322781e-01+j1.51545762687148338754e-01
  -9.65975202795652077015e-01+j1.54309919128672867750e-01
  -9.65698135242687549784e-01+j1.57056378166646387617e-01
  -9.65413635760005495179e-01+j1.59785378861679705498e-01
  -9.65121847901477147857e-01+j1.62497156630341810235e-01
  -9.64822911353979018045e-01+j1.65191943307249150541e-01
  -9.64516962045374182111e-01+j1.67869967206228209999e-01
  -9.64204132249108503139e-01+j1.70531453180530950808e-01
  -9.63884550685526031444e-01+j1.73176622682129938147e-01
  -9.63558342620001617718e-01+j1.75805693820081931911e-01
  -9.63225629958038176426e-01+j1.78418881417970964787e-01
  -9.62886531337372009176e-01+j1.81016397070429185812e-01
  -9.62541162217246060173e-01+j1.83598449198754287703e-01
  -9.62189634964900397662e-01+j1.86165243105629235609e-01
  -9.61832058939403822251e-01+j1.88716981028927976993e-01
  -9.61468540572893770602e-01+j1.91253862194657897611e-01
  -9.61099183449325433770e-01+j1.93776082869006854859e-01
  -9.60724088380801699572e-01+j1.96283836409528456013e-01
  -9.60343353481577066688e-01+j1.98777313315465276045e-01
  -9.59957074239791374737e-01+j2.01256701277227667557e-01
  -9.59565343587033936501e-01+j2.03722185225019947197e-01
  -9.59168251965784923740e-01+j2.06173947376651622854e-01
  -9.58765887394823601575e-01+j2.08612167284519450794e-01
  -9.58358335532649263655e-01+j2.11037021881787939526e-01
  -9.57945679738999800179e-01+j2.13448685527762915815e-01
  -9.57528001134516193460e-01+j2.15847330052487573759e-01
  -9.57105378658614336373e-01+j2.18233124800558841994e-01
  -9.56677889125627123335e-01+j2.20606236674176198198e-01
  -9.56245607279267328948e-01+j2.22966830175446828477e-01
  -9.55808605845467340600e-01+j2.25315067447936279166e-01
  -9.55366955583648480577e-01+j2.27651108317497324895e-01
  -9.54920725336460662902e-01+j2.29975110332375470845e-01
  -9.54469982078064882458e-01+j2.32287228802606660061e-01
  -9.54014790960966196920e-01+j2.34587616838721257917e-01
  -9.53555215361479358016e-01+j2.36876425389755007611e-01
  -9.53091316923857956311e-01+j2.39153803280592186509e-01
  -9.52623155603107063527e-01+j2.41419897248645154431e-01
  -9.52150789706565747750e-01+j2.43674851979877593600e-01
  -9.51674275934249247477e-01+j2.45918810144184735167e-01
  -9.51193669418022968998e-01+j2.48151912430152943312e-01
  -9.50709023759628402139e-01+j2.50374297579189553087e-01
  -9.50220391067607028646e-01+j2.52586102419048330603e-01
</dep>
<dep S[1,1] frequency>
  -6.51465816535952590982e-01+j7.17905877537669434574e-01
  -6.48624101345938175456e-01+j7.20030594279085889298e-01
  -6.45745273208209846771e-01+j7.22163678964343525024e-01
  -6.42828648318451989496e-01+j7.24305063547212246711e-01
  -6.39873527491276350432e-01+j7.26454673157805652650e-01
  -6.36879195776260398354e-01+j7.28612425754024073399e-01
  -6.33844922064475291279e-01+j7.30778231756182838907e-01
  -6.30769958685441944901e-01+j7.32951993663984113780e-01
  -6.27653540994293601685e-01+j7.35133605654991417744e-01
  -6.24494886949023997325e-01+j7.37322953163662697662e-01
  -6.21293196677692116658e-01+j7.39519912440004478782e-01
  -6.18047652035435768347e-01+j7.41724350086825690020e-01
  -6.14757416151195501541e-01+j7.43936122574538893915e-01
  -6.11421632964020078660e-01+j7.46155075732395034471e-01
  -6.08039426748889999530e-01+j7.48381044214971868911e-01
  -6.04609901631969037794e-01+j7.50613850942703386693e-01
  -6.01132141095207739312e-01+j7.52853306515146591948e-01
  -5.97605207470308541495e-01+j7.55099208595634951990e-01
  -5.94028141421986677351e-01+j7.57351341265884214771e-01
  -5.90399961420582375382e-01+j7.59609474349063118481e-01
  -5.86719663204020469571e-01+j7.61873362699748701843e-01
  -5.82986219229231661387e-01+j7.64142745459118755136e-01
  -5.79198578113108597520e-01+j7.66417345273628258795e-01
  -5.75355664063156302390e-01+j7.68696867475376910406e-01
  -5.71456376298024371074e-01+j7.70980999222214302691e-01
  -5.67499588458163284344e-01+j7.73269408595596008382e-01
  -5.63484148006868412750e-01+j7.75561743654071378273e-01
  -5.59408875622101731118e-01+j7.77857631440178387550e-01
  -5.55272564579458949297e-01+j7.80156676938420168277e-01
  -5.51073980126794982226e-01+j7.82458461981888175885e-01
  -5.46811858851049104047e-01+j7.84762544104939618883e-01
  -5.42484908037932367364e-01+j7.87068455339267725179e-01
  -5.38091805025198821610e-01+j7.89375700950518233157e-01
  -5.33631196550347963736e-01+j7.91683758112505908677e-01
  -5.29101698093717986993e-01+j7.93992074515906365306e-01
  -5.24501893218047854361e-01+j7.96300066908185666392e-01
  -5.19830332905694803003e-01+j7.98607119561345557557e-01
  -5.15085534894905272552e-01+j8.00912582663915295633e-01
  -5.10265983016633950520e-01+j8.03215770633443515436e-01
  -5.05370126533599695051e-01+j8.05515960345570158907e-01
  -5.00396379483483255690e-01+j8.07812389275592290794e-01
  -4.95343120028370331731e-01+j8.10104253548214581215e-01
  -4.90208689812715314726e-01+j8.12390705891032460784e-01
  -4.84991393332456111054e-01+j8.14670853487040491636e-01
  -4.79689497318084856481e-01+j8.16943755721295739036e-01
  -4.74301230134823614826e-01+j8.19208421816626564116e-01
  -4.68824781203346696579e-01+j8.21463808353085633840e-01
  -4.63258300444876036650e-01+j8.23708816665596810225e-01
  -4.57599897754802920069e-01+j8.25942290114038857318e-01
  -4.51847642509440761138e-01+j8.28163011219773537164e-01
  -4.45999563110955454803e-01+j8.30369698662397959232e-01
  -4.40053646575956358689e-01+j8.32561004130261350653e-01
  -4.34007838173827431572e-01+j8.34735509018049270935e-01
  -4.27860041121394751862e-01+j8.36891720964527241478e-01
  -4.21608116341127381332e-01+j8.39028070223283961582e-01
  -4.15249882290829153142e-01+j8.41142905859094458521e-01
  -4.08783114873347785956e-01+j8.43234491762322013741e-01
  -4.02205547435747823304e-01+j8.45301002473544116356e-01
  -3.95514870868163170847e-01+j8.47340518810425269436e-01
  -3.88708733813451279282e-01+j8.49351023288656858945e-01
  -3.81784742999780379868e-01+j8.51330395328643074748e-01
  -3.74740463709335225317e-01+j8.53276406239469764614e-01
  -3.67573420397414918348e-01+j8.55186713971618717167e-01
  -3.60281097477512413096e-01+j8.57058857629778736431e-01
  -3.52860940289198343756e-01+j8.58890251737151277922e-01
  -3.45310356267096218996e-01+j8.60678180242624435436e-01
  -3.37626716330739262695e-01+j8.62419790262307861539e-01
  -3.29807356516744754060e-01+j8.64112085547086183901e-01
  -3.21849579876475666573e-01+j8.65751919668080294201e-01
  -3.13750658664221249161e-01+j8.67335988912253386118e-01
  -3.05507836842938473865e-01+j8.68860824880839488493e-01
  -2.97118332936755880080e-01+j8.70322786783833457491e-01
  -2.88579343261621656946e-01+j8.71718053424497485437e-01
  -2.79888045567987964191e-01+j8.73042614868700384001e-01
  -2.71041603131906727597e-01+j8.74292263794954394029e-01
  -2.62037169333691366546e-01+j8.75462586522244179399e-01
  -2.52871892766102224215e-01+j8.76548953714266998460e-01
  -2.43542922917013793249e-01+j8.77546510760379927518e-01
  -2.34047416474845282330e-01+j8.78450167835611805955e-01
  -2.24382544308094927787e-01+j8.79254589644462791753e-01
  -2.14545499174059794978e-01+j8.79954184855859411485e-01
  -2.04533504215216793698e-01+j8.80543095239829654020e-01
  -1.94343822305583696641e-01+j8.81015184519950644848e-01
  -1.83973766313194397881e-01+j8.81364026959723045884e-01
  -1.73420710348712092674e-01+j8.81582895705601221614e-01
  -1.62682102074261175639e-01+j8.81664750914626482725e-01
  -1.51755476150490314913e-01+j8.81602227700473140004e-01
  -1.40638468904000724091e-01+j8.81387623938306830063e-01
  -1.29328834301136869067e-01+j8.81012887976240222088e-01
  -1.17824461317946188599e-01+j8.80469606309436714220e-01
  -1.06123392799923416119e-01+j8.79748991282048864448e-01
  -9.42238459082067880690e-02+j8.78841868892428212945e-01
  -8.21242342523058332926e-02+j8.77738666788278720787e-01
  -6.98231918115079230880e-02+j8.76429402550867875377e-01
  -5.73195987493303471538e-02+j8.74903672381114216883e-01
  -4.46126092262758011664e-02+j8.73150640315312087658e-01
  -3.17016813164910926659e-02+j8.71159028114613542826e-01
  -1.85866091327090698915e-02+j8.68917105990193450182e-01
  -5.26755726173763760833e-03+j8.66412684345232886329e-01
  +8.25490239144791027037e-03+j8.63633106735663957920e-01
  +2.19797512587696641795e-02+j8.60565244273816309928e-01
  +3.59054821791680023324e-02+j8.57195491722952507274e-01
  +5.00300548104541664696e-02+j8.53509765555821475758e-01
  +6.43508483232466121926e-02+j8.49493504276957689392e-01
  +7.88646113343320076527e-02+j8.45131671336264655991e-01
  +9.35674090578119121986e-02+j8.40408760990205117025e-01
  +1.08454567677381319424e-01+j8.35308807496556671168e-01
  +1.23520615973168712554e-01+j8.29815398058727726749e-01
  +1.38759224271802511508e-01+j8.23911689965643345701e-01
  +1.54163140829308320523e-01+j8.17580432402793544355e-01
  +1.69724125803952130553e-01+j8.10803993438390602222e-01
  +1.85432883030385381451e-01+j8.03564392714991360123e-01
  +2.01278989867866742181e-01+j7.95843340400593346473e-01
  +2.17250825464649882646e-01+j7.87622282972862186590e-01
  +2.33335497857904167196e-01+j7.78882456424667579675e-01
  +2.49518770413884871662e-01+j7.69604947487177337706e-01
  +2.65784988207028172180e-01+j7.59770763466488530113e-01
  +2.82117005038247214976e-01+j7.49360911279976171784e-01
  +2.98496111902573746377e-01+j7.38356486256541821867e-01
  +3.14901967832651230594e-01+j7.26738771229508917493e-01
  +3.31312534167386874007e-01+j7.14489346399104330310e-01
  +3.47704013422015456580e-01+j7.01590210371646261223e-01
  +3.64050794065620852979e-01+j6.88023912691974492972e-01
  +3.80325402642024190669e-01+j6.73773698072297921868e-01
  +3.96498464796789684694e-01+j6.58823662382486352485e-01
  +4.12538676893652866973e-01+j6.43158920301574177358e-01
  +4.28412790013164734848e-01+j6.26765784337061981901e-01
  +4.44085608220122385337e-01+j6.09631954695906808084e-01
  +4.59520003058977388744e-01+j5.91746719238801066609e-01
  +4.74676946281258449467e-01+j5.73101162468267699701e-01
  +4.89515562819958838237e-01+j5.53688382192512262847e-01
  +5.03993205995779569584e-01+j5.33503712173795885398e-01
  +5.18065556861690534873e-01+j5.12544948716958215229e-01
  +5.31686749458919694078e-01+j4.90812578786114561691e-01
  +5.44809523562403419383e-01+j4.68310006863188466042e-01
  +5.57385406231206359529e-01+j4.45043777390554007312e-01
  +5.69364923145070367383e-01+j4.21023789282165827874e-01
  +5.80697840298989409469e-01+j3.96263498656852841684e-01
  +5.91333436143165469545e-01+j3.70780105657529113206e-01
  +6.01220803697449901470e-01+j3.44594720987351388342e-01
  +6.10309181542921019847e-01+j3.17732507633744609699e-01
  +6.18548311906687908746e-01+j2.90222793181107940885e-01
  +6.25888823322011456085e-01+j2.62099148147795779629e-01
  +6.32282634580173752425e-01+j2.33399425938120019808e-01
  +6.37683375913533856405e-01+j2.04165760286790093359e-01
  +6.42046822584186438476e-01+j1.74444516500431856532e-01
  +6.45331335325999733143e-01+j1.44286193373407284346e-01
  +6.47498301428446887407e-01+j1.13745273371640184812e-01
  +6.48512569688071915941e-01+j8.28800195323074195830e-02
  +6.48342872017491633763e-01+j5.17522185052664493443e-02
  +6.46962224220110182493e-01+j2.04268702452243752776e-02
  +6.44348298336273939135e-01-j1.10281739762278490485e-02
  +6.40483759062770108272e-01-j4.25426223633760258735e-02
  +6.35356557056023785179e-01-j7.40441981044183822336e-02
  +6.28960172455506283384e-01-j1.05459134324549577699e-01
  +6.21293802704740882881e-01-j1.36712702108720995930e-01
  +6.12362489690348565929e-01-j1.67729764233005229634e-01
  +6.02177182343250683161e-01-j1.98435346416826918770e-01
  +5.90754732119565639792e-01-j2.28755217277760491967e-01
  +5.78117820163764228880e-01-j2.58616467764624879955e-01
  +5.64294816408556387799e-01-j2.87948080684859220035e-01
  +5.49319572336130268475e-01-j3.16681481039458923021e-01
  +5.33231150562921696334e-01-j3.44751058234473217734e-01
  +5.16073495765761780518e-01-j3.72094651840580437074e-01
  +4.97895052694019457640e-01-j3.98653993402179274153e-01
  +4.78748338069132639561e-01-j4.24375097824298830318e-01
  +4.58689474027002275225e-01-j4.49208599050657797491e-01
  +4.37777691384544032083e-01-j4.73110026047383225301e-01
  +4.16074811396607235903e-01-j4.96040016474862732743e-01
  +3.93644714807646733945e-01-j5.17964466819172852929e-01
  +3.70552806902240627895e-01-j5.38854619115170296872e-01
  +3.46865486933636002487e-01-j5.58687085684254958196e-01
  +3.22649629784558023005e-01-j5.77443814491895857088e-01
  +2.97972087018999132191e-01-j5.95111998772512862388e-01
  +2.72899213651817351689e-01-j6.11683935448934956725e-01
  +2.47496426031753341546e-01-j6.27156837574941783409e-01
  +2.21827795240249953101e-01-j6.41532606545373806917e-01
  +1.95955679388708003952e-01-j6.54817570149952343783e-01
  +1.69940397185674219038e-01-j6.67022192700599259041e-01
  +1.43839944170311095917e-01-j6.78160763452374970583e-01
  +1.17709752096498004859e-01-j6.88251069381200619723e-01
  +9.16024911214667614257e-02-j6.97314058099189892914e-01
  +6.55679137188418803550e-02-j7.05373496302781788359e-01
  +3.96527386082378141552e-02-j7.12455628683254849065e-01
  +1.39005724749535208851e-02-j7.18588841706988445956e-01
  -1.16481331535472354410e-02-j7.23803336114943851598e-01
  -3.69560928091918206029e-02-j7.28130811417874390656e-01
  -6.19891688981997757146e-02-j7.31604165092520464242e-01
  -8.67163276737195065635e-02-j7.34257208629383484322e-01
  -1.11109572638883380424e-01-j7.36124402056662408000e-01
  -1.35143858610663691877e-01-j7.37240608076448866726e-01
  -1.58796989574512964483e-01-j7.37640866505091086225e-01
  -1.82049503311895899405e-01-j7.37360189313725267191e-01
  -2.04884545598818135215e-01-j7.36433376219463364798e-01
  -2.27287736563007825019e-01-j7.34894850482779027345e-01
  -2.49247031559738596584e-01-j7.32778514321061891224e-01
  -2.70752578689504863618e-01-j7.30117623149700967211e-01
  -2.91796574841103550924e-01-j7.26944677707167530301e-01
  -3.12373121907734918601e-01-j7.23291333005542269596e-01
  -3.32478084594989842238e-01-j7.19188322968629556442e-01
  -3.52108951022307825607e-01-j7.14665399571817960833e-01
  -3.71264697116099828822e-01-j7.09751285276917220912e-01
  -3.89945655604478136347e-01-j7.04473637557103238294e-01
  -4.08153390252667169769e-01-j6.98859024327762257123e-01
  -4.25890575823379524678e-01-j6.92932909135061003703e-01
  -4.43160884109700559108e-01-j6.86719645001754752656e-01
  -4.59968876267139725744e-01-j6.80242475886481456904e-01
  -4.76319901567121783970e-01-j6.73523544775694760212e-01
  -4.92220002604371709154e-01-j6.66583907494448846265e-01
  -5.07675826915255257177e-01-j6.59443551391302174025e-01
  -5.22694544900864865866e-01-j6.52121418122474372225e-01
  -5.37283773897859306956e-01-j6.44635429829180317540e-01
  -5.51451508198666950911e-01-j6.37002518069544887425e-01
  -5.65206054791332013210e-01-j6.29238654931033924989e-01
  -5.78555974565400976672e-01-j6.21358885811126970822e-01
  -5.91510028713803537315e-01-j6.13377363411891307621e-01
  -6.04077130050022725882e-01-j6.05307382548486705431e-01
  -6.16266298954202484950e-01-j5.97161415422024832722e-01
  -6.28086623660942366953e-01-j5.88951147053432766398e-01
  -6.39547224603556507816e-01-j5.80687510617492685938e-01
  -6.50657222534849033480e-01-j5.72380722454816637246e-01
  -6.61425710152143908616e-01-j5.64040316574162869934e-01
  -6.71861726963195460272e-01-j5.55675178489126064818e-01
  -6.81974237140719141692e-01-j5.47293578260844126859e-01
  -6.91772110124385664065e-01-j5.38903202643600587329e-01
  -7.01264103741807920400e-01-j5.30511186251833022354e-01
  -7.10458849632315647682e-01-j5.22124141686657439188e-01
  -7.19364840770351232635e-01-j5.13748188576691466878e-01
  -7.27990420897932644095e-01-j5.05388981502692957726e-01
  -7.36343775688263146861e-01-j4.97051736788170162029e-01
  -7.44432925474801221455e-01-j4.88741258148948531925e-01
  -7.52265719392123388687e-01-j4.80461961203788479047e-01
  -7.59849830786138324967e-01-j4.72217896856108321213e-01
  -7.67192753762449441979e-01-j4.64012773563015734624e-01
  -7.74301800751743929396e-01-j4.55849978513500175836e-01
  -7.81184100981201057223e-01-j4.47732597741693438831e-01
  -7.87846599750005260887e-01-j4.39663435204682373492e-01
  -7.94296058415856487400e-01-j4.31645030856972700128e-01
  -8.00539055007476907377e-01-j4.23679677755692984942e-01
  -8.06581985385679600675e-01-j4.15769438232112875653e-01
  -8.12431064882703446450e-01-j4.07916159165890468419e-01
  -8.18092330355991270707e-01-j4.00121486399033887693e-01
  -8.23571642598656117329e-01-j3.92386878326726529220e-01
  -8.28874689054527324927e-01-j3.84713618701946424849e-01
  -8.34006986790718718439e-01-j3.77102828690513702803e-01
  -8.38973885685485587516e-01-j3.69555478212492682921e-01
  -8.43780571793414813087e-01-j3.62072396605193025376e-01
  -8.48432070853972652991e-01-j3.54654282642071105869e-01
  -8.52933251913095102914e-01-j3.47301713940813661097e-01
  -8.57288831030771913966e-01-j3.40015155792854406602e-01
  -8.61503375050632569376e-01-j3.32794969445359245519e-01
  -8.65581305410265011702e-01-j3.25641419865588144233e-01
  -8.69526901973481702868e-01-j3.18554683016296746878e-01
  -8.73344306868024666812e-01-j3.11534852669687167825e-01
  -8.77037528314238867821e-01-j3.04581946786071533495e-01
  -8.80610444432079253474e-01-j2.97695913482369123315e-01
  -8.84066807015485012222e-01-j2.90876636614249228785e-01
  -8.87410245264683705813e-01-j2.84123940994587376174e-01
  -8.90644269468295890491e-01-j2.77437597269812097345e-01
  -8.93772274628344298719e-01-j2.70817326474562247718e-01
  -8.96797544022376991180e-01-j2.64262804284003505195e-01
  -8.99723252697838704606e-01-j2.57773664982182904026e-01
  -9.02552470894743441576e-01-j2.51349505163703024202e-01
  -9.05288167393425657892e-01-j2.44989887185168841999e-01
  -9.07933212784891363611e-01-j2.38694342381784274654e-01
  -9.10490382661847785783e-01-j2.32462374063776816557e-01
  -9.12962360729043131968e-01-j2.26293460306368682255e-01
  -9.15351741832060916693e-01-j2.20187056546260528922e-01
  -9.17661034904073358298e-01-j2.14142597996831857143e-01
  -9.19892665830465583454e-01-j2.08159501893579762521e-01
  -9.22048980231553461095e-01-j2.02237169580553599602e-01
  -9.24132246163882120626e-01-j1.96374988448000165064e-01
  -9.26144656740854999022e-01-j1.90572333730735676838e-01
  -9.28088332673626670299e-01-j1.84828570176222617416e-01
  -9.29965324733385445555e-01-j1.79143053590806927700e-01
  -9.31777616136305830707e-01-j1.73515132271980371259e-01
  -9.33527124852530421073e-01-j1.67944148334148890545e-01
  -9.35215705840735656018e-01-j1.62429438934809877715e-01
  -9.36845153209803438443e-01-j1.56970337407735693880e-01
  -9.38417202309297815432e-01-j1.51566174309240603302e-01
  -9.39933531750414275052e-01-j1.46216278383317604961e-01
  -9.41395765359168690267e-01-j1.40919977450966793509e-01
  -9.42805474063570847498e-01-j1.35676599228844868561e-01
  -9.44164177716584118727e-01-j1.30485472081891484830e-01
  -9.45473346856656626791e-01-j1.25345925714375139304e-01
  -9.46734404407619578592e-01-j1.20257291803540000696e-01
  -9.47948727319730677365e-01-j1.15218904579678982358e-01
  -9.49117648153648518772e-01-j1.10230101356318069272e-01
  -9.50242456609078245400e-01-j1.05290223013871406255e-01
  -9.51324400999826291780e-01-j1.00398614439985170432e-01
  -9.52364689676971964971e-01-j9.55546249295173705240e-02
  -9.53364492401830854185e-01-j9.07576085469745941214e-02
  -9.54324941670348092515e-01-j8.60069244539705679564e-02
  -9.55247133990543950688e-01-j8.13019372041842158794e-02
  -9.56132131114569849828e-01-j7.66420170080798490719e-02
  -9.56980961226929216501e-01-j7.20265399695101532496e-02
  -9.57794620090350656838e-01-j6.74548882962177770439e-02
  -9.58574072150776945733e-01-j6.29264504860902185168e-02
  -9.59320251602888030007e-01-j5.84406214908977789113e-02
  -9.60034063417546823516e-01-j5.39968028591632509539e-02
  -9.60716384332500616949e-01-j4.95944028596726343983e-02
  -9.61368063807638728591e-01-j4.52328365870380763591e-02
  -9.61989924946076269130e-01-j4.09115260506721922784e-02
  -9.62582765382281602129e-01-j3.66299002483685617881e-02
  -9.63147358138432108099e-01-j3.23873952256945527028e-02
  -9.63684452450144224400e-01-j2.81834541222384590831e-02
  -9.64194774562684875363e-01-j2.40175272057364629086e-02
  -9.64679028498741653053e-01-j1.98890718950404388199e-02
  -9.65137896798781480534e-01-j1.57975527727509112985e-02
  -9.65572041234998734716e-01-j1.17424415884053411074e-02
  -9.65982103499821498360e-01-j7.72321725293526051281e-03
  -9.66368705869911526207e-01-j3.73936582512285299248e-03
  -9.66732451846544327267e-01+j2.09619509267761072735e-04
  -9.67073926773254877176e-01+j4.12423846508155802354e-03
  -9.67393698431573412222e-01+j8.00498369149846289439e-03
  -9.67692317615662433994e-01+j1.18523408113555793475e-02
  -9.67970318686632191785e-01+j1.56667884655540545769e-02
  -9.68228220107284931473e-01+j1.94487983621228210929e-02
  -9.68466524958012997537e-01+j2.31988353294372007252e-02
  -9.68685721434533797414e-01+j2.69173573732547008475e-02
  -9.68886283328151076688e-01+j3.06048157371532521254e-02
  -9.69068670489171224425e-01+j3.42616549660224242735e-02
  -9.69233329274105548379e-01+j3.78883129723062844763e-02
  -9.69380692977247715447e-01+j4.14852211046664517968e-02
  -9.69511182247217329078e-01+j4.50528042187998689627e-02
  -9.69625205489001329440e-01+j4.85914807501529252831e-02
  -9.69723159252053656942e-01+j5.21016627882824878704e-02
  -9.69805428604937458381e-01+j5.55837561526452417215e-02
  -9.69872387497032750758e-01+j5.90381604695900952251e-02
  -9.69924399107759294125e-01+j6.24652692503992745809e-02
  -9.69961816183789071744e-01+j6.58654699701576723525e-02
  -9.69984981364685250327e-01+j6.92391441473119290118e-02
  -9.69994227497379513103e-01+j7.25866674237577724771e-02
  -9.69989877939915867699e-01+j7.59084096453135903637e-02
  -9.69972246854831854357e-01+j7.92047349424641611293e-02
  -9.69941639492567286851e-01+j8.24760018112307841109e-02
  -9.69898352465260460420e-01+j8.57225631940828347588e-02
  -9.69842674011278327306e-01+j8.89447665607717985470e-02
  -9.69774884250817370557e-01+j9.21429539890120663514e-02
  -9.69695255432900804493e-01+j9.53174622448976494038e-02
  -9.69604052174077413184e-01+j9.84686228630098359105e-02
  -9.69501531689127116209e-01+j1.01596762226114203931e-01
  -9.69387944014058922093e-01+j1.04702201644408757208e-01
  -9.69263532221669832367e-01+j1.07785257434238154750e-01
  -9.69128532629950578681e-01+j1.10846240996242961785e-01
  -9.68983175003569563444e-01+j1.13885458892883040249e-01
  -9.68827682748700569348e-01+j1.16903212925296651203e-01
  -9.68662273101424831090e-01+j1.19899800209447016108e-01
  -9.68487157309934065808e-01+j1.22875513251535478654e-01
  -9.68302540810753953338e-01+j1.25830640022639911324e-01
  -9.68108623399205114879e-01+j1.28765464032549376006e-01
  -9.67905599394298876703e-01+j1.31680264402775054622e-01
  -9.67693657798266215764e-01+j1.34575315938717354758e-01
  -9.67472982450908514096e-01+j1.37450889200962961256e-01
  -9.67243752178947757692e-01+j1.40307250575702258111e-01
  -9.67006140940561809138e-01+j1.43144662344245859886e-01
  -9.66760317965255855377e-01+j1.45963382751645359692e-01
  -9.66506447889248221372e-01+j1.48763666074383793525e-01
  -9.66244690886515322781e-01+j1.51545762687148338754e-01
  -9.65975202795652077015e-01+j1.54309919128672867750e-01
  -9.65698135242687549784e-01+j1.57056378166646387617e-01
  -9.65413635760005495179e-01+j1.59785378861679705498e-01
  -9.65121847901477147857e-01+j1.62497156630341810235e-01
  -9.64822911353979018045e-01+j1.65191943307249150541e-01
  -9.64516962045374182111e-01+j1.67869967206228209999e-01
  -9.64204132249108503139e-01+j1.70531453180530950808e-01
  -9.63884550685526031444e-01+j1.73176622682129938147e-01
  -9.63558342620001617718e-01+j1.75805693820081931911e-01
  -9.63225629958038176426e-01+j1.78418881417970964787e-01
  -9.62886531337372009176e-01+j1.81016397070429185812e-01
  -9.62541162217246060173e-01+j1.83598449198754287703e-01
  -9.62189634964900397662e-01+j1.86165243105629235609e-01
  -9.61832058939403822251e-01+j1.88716981028927976993e-01
  -9.61468540572893770602e-01+j1.91253862194657897611e-01
  -9.61099183449325433770e-01+j1.93776082869006854859e-01
  -9.60724088380801699572e-01+j1.96283836409528456013e-01
  -9.60343353481577066688e-01+j1.98777313315465276045e-01
  -9.59957074239791374737e-01+j2.01256701277227667557e-01
  -9.59565343587033936501e-01+j2.03722185225019947197e-01
  -9.59168251965784923740e-01+j2.06173947376651622854e-01
  -9.58765887394823601575e-01+j2.08612167284519450794e-01
  -9.58358335532649263655e-01+j2.11037021881787939526e-01
  -9.57945679738999800179e-01+j2.13448685527762915815e-01
  -9.57528001134516193460e-01+j2.15847330052487573759e-01
  -9.57105378658614336373e-01+j2.18233124800558841994e-01
  -9.56677889125627123335e-01+j2.20606236674176198198e-01
  -9.56245607279267328948e-01+j2.22966830175446828477e-01
  -9.55808605845467340600e-01+j2.25315067447936279166e-01
  -9.55366955583648480577e-01+j2.27651108317497324895e-01
  -9.54920725336460662902e-01+j2.29975110332375470845e-01
  -9.54469982078064882458e-01+j2.32287228802606660061e-01
  -9.54014790960966196920e-01+j2.34587616838721257917e-01
  -9.53555215361479358016e-01+j2.36876425389755007611e-01
  -9.53091316923857956311e-01+j2.39153803280592186509e-01
  -9.52623155603107063527e-01+j2.41419897248645154431e-01
  -9.52150789706565747750e-01+j2.43674851979877593600e-01
  -9.51674275934249247477e-01+j2.45918810144184735167e-01
  -9.51193669418022968998e-01+j2.48151912430152943312e-01
  -9.50709023759628402139e-01+j2.50374297579189553087e-01
  -9.50220391067607028646e-01+j2.52586102419048330603e-01
</dep>
